%
% Numeriska metoder, lab 2, uppgift 1c
% Patrik Nyman, ht 2015
%

x = [1 32 60 91 121 162 182 213 244 274 305 335]';
y = [6.13 8.02 10.42 13.18 15.78 17.97 18.38 15.53 14.07 11.43 8.73 6.55]';

